1,1
1,3
1,5
1,7
1,9
1,11
1,13
1,15
1,17
1,19
1,21
1,23
1,25
1,27
1,29
1,31
1,33
1,35
1,37
1,39
1,41
1,43
1,45
1,47
1,49
1,51
1,53
1,55
1,57
1,59
1,61
1,63
1,65
1,67
1,69
1,71
1,73
1,75
1,77
1,79
1,81
1,83
1,85
1,87
1,89
1,91
1,93
1,95
1,97
1,99
1,101
1,103
1,105
1,107
1,109
1,111
1,113
1,115
1,117
1,119
1,121
1,123
1,125
1,127
1,129
1,131
1,133
4,1
4,3
4,5
4,7
4,9
4,11
4,12
4,13
4,15
4,17
4,19
4,21
4,23
4,25
4,27
5,1
5,3
5,5
5,7
5,9
5,11
5,13
5,15
5,17
5,19
5,21
5,23
5,25
5,27
5,29
5,31
5,33
5,35
5,37
5,39
5,41
5,43
5,45
5,47
5,49
5,51
5,53
5,55
5,57
5,59
5,61
5,63
5,65
5,67
5,69
5,71
5,73
5,75
5,77
5,79
5,81
5,83
5,85
5,87
5,89
5,91
5,93
5,95
5,97
5,99
5,101
5,103
5,105
5,107
5,109
5,111
5,113
5,115
5,117
5,119
5,121
5,123
5,125
5,127
5,129
5,131
5,133
5,135
5,137
5,139
5,141
5,143
5,145
5,147
5,149
6,1
6,3
6,5
6,7
6,9
6,11
6,13
6,15
6,17
6,19
6,21
6,23
6,25
6,27
6,29
6,31
6,33
6,35
6,37
6,39
6,41
6,43
6,45
6,47
6,49
6,51
6,53
6,55
6,57
6,59
6,61
6,63
6,65
6,67
6,69
6,71
6,73
6,75
6,77
6,79
6,81
6,83
6,85
6,87
6,89
6,91
6,93
6,95
6,97
6,99
6,101
6,103
6,105
6,107
6,109
6,111
6,113
6,115
8,1
8,3
8,5
8,7
8,9
8,11
8,13
8,14
8,15
8,17
8,19
8,21
8,23
8,25
8,27
8,29
8,31
8,33
8,35
8,37
8,39
8,41
8,43
8,45
8,47
8,49
8,51
8,53
8,55
8,57
8,59
8,61
8,63
8,65
8,67
8,69
8,71
8,73
8,75
8,77
8,79
8,81
8,83
8,85
8,87
8,89
8,91
8,93
8,95
8,97
8,99
8,101
8,103
8,105
8,107
8,109
8,111
8,113
8,115
8,117
8,119
8,121
8,123
8,125
9,1
9,3
9,5
9,7
9,9
9,11
9,13
9,15
10,1
10,3
10,5
11,1
12,1
12,3
12,5
12,7
12,9
12,11
12,13
12,15
12,17
12,19
12,21
12,23
12,27
12,29
12,31
12,33
12,35
12,37
12,39
12,41
12,43
12,45
12,47
12,49
12,51
12,53
12,55
12,57
12,59
12,61
12,63
12,65
12,67
12,69
12,71
12,73
12,75
12,77
12,79
12,81
12,83
12,85
12,86
12,87
12,89
12,91
12,93
12,95
12,97
12,99
12,101
12,103
12,105
12,107
12,109
12,111
12,113
12,115
12,117
12,119
12,121
12,123
12,125
12,127
12,129
12,131
12,133
13,1
13,3
13,5
13,7
13,9
13,11
13,13
13,15
13,17
13,19
13,21
13,23
13,25
13,27
13,29
13,31
13,33
13,35
13,37
13,39
13,43
13,45
13,47
13,49
13,51
13,53
13,55
13,57
13,59
13,61
13,63
13,65
13,67
13,69
13,71
13,73
13,75
13,77
13,79
13,81
13,83
13,85
13,87
13,89
13,91
13,93
13,95
13,97
13,99
13,101
13,103
13,105
13,107
13,109
13,111
13,113
13,115
13,117
13,119
13,121
13,123
13,125
13,127
13,129
13,131
13,133
13,135
13,137
13,139
13,141
13,143
13,145
13,147
13,149
13,151
13,153
13,155
13,157
13,159
13,161
13,163
13,165
13,167
13,169
13,171
13,173
13,175
13,177
13,179
13,181
13,183
13,185
13,187
13,189
13,191
13,193
13,195
13,197
13,199
13,201
13,205
13,207
13,209
13,211
13,213
13,215
13,217
13,219
13,221
13,223
13,225
13,227
13,229
13,231
13,233
13,235
13,237
13,239
13,241
13,243
13,245
13,247
13,249
13,251
13,253
13,255
13,257
13,259
13,261
13,263
13,265
13,267
13,269
13,271
13,273
13,275
13,277
13,279
13,281
13,283
13,285
13,287
13,289
13,291
13,293
13,295
13,297
13,299
13,301
13,303
13,305
13,307
13,309
13,311
13,313
13,315
13,317
13,319
13,321
16,1
16,3
16,5
16,7
16,9
16,11
16,13
16,15
16,17
16,19
16,21
16,23
16,25
16,27
16,29
16,31
16,33
16,35
16,37
16,39
16,41
16,43
16,45
16,47
16,49
16,51
16,53
16,55
16,57
16,59
16,61
16,63
16,65
16,67
16,69
16,71
16,73
16,75
16,77
16,79
16,81
16,83
16,85
16,87
17,1
17,3
17,5
17,7
17,9
17,11
17,13
17,15
17,17
17,19
17,21
17,23
17,25
17,27
17,29
17,31
17,33
17,35
17,37
17,39
17,41
17,43
17,45
17,47
17,49
17,51
17,53
17,55
17,57
17,59
17,61
17,63
17,65
17,67
17,69
17,71
17,73
17,75
17,77
17,79
17,81
17,83
17,85
17,87
17,89
17,91
17,93
17,95
17,97
17,99
17,101
17,103
17,105
17,107
17,109
17,111
17,113
17,115
17,117
17,119
17,121
17,123
17,125
17,127
17,129
17,131
17,133
17,135
17,137
17,139
17,141
17,143
17,145
17,147
17,149
17,151
17,153
17,155
17,157
17,159
17,161
17,163
17,165
17,167
17,169
17,171
17,173
17,175
17,177
17,179
17,181
17,183
17,185
17,187
17,189
17,191
17,193
17,195
17,197
17,199
17,201
17,203
18,1
18,3
18,5
18,7
18,9
18,11
18,13
18,15
18,17
18,19
18,21
18,23
18,25
18,27
18,29
18,31
18,33
18,35
18,37
18,39
18,41
18,43
18,45
18,47
18,49
18,51
18,53
18,55
18,57
18,59
18,61
18,63
18,65
18,67
18,69
18,71
18,73
18,75
18,77
18,79
18,81
18,83
18,85
18,87
18,89
18,91
18,93
18,95
18,97
18,99
18,101
18,103
18,105
18,107
18,109
18,111
18,113
18,115
18,117
18,119
18,121
18,123
18,125
18,127
18,129
18,131
18,133
18,135
18,137
18,139
18,141
18,143
18,145
18,147
18,149
18,151
18,153
18,155
18,157
18,159
18,161
18,163
18,165
18,167
18,169
18,171
18,173
18,175
18,177
18,179
18,181
18,183
19,1
19,3
19,5
19,7
19,9
19,11
19,13
19,15
19,17
19,19
19,21
19,23
19,25
19,27
19,29
19,31
19,33
19,35
19,37
19,39
19,41
19,43
19,45
19,47
19,49
19,51
19,53
19,55
19,57
19,59
19,61
19,63
19,65
19,67
19,69
19,71
19,73
19,75
19,77
19,79
19,81
19,83
19,85
19,87
19,89
19,91
19,93
19,95
19,97
19,99
19,101
19,103
19,105
19,107
19,109
19,111
19,113
19,115
19,117
19,119
19,121
19,123
19,125
19,127
19,129
19,131
19,133
19,135
19,137
19,139
19,141
19,143
19,145
19,147
19,149
19,151
19,153
19,155
19,157
19,159
19,161
19,163
19,165
19,167
19,169
19,171
19,173
19,175
19,177
19,179
19,181
19,183
19,185
19,187
19,189
19,191
19,193
19,195
19,197
20,1
20,3
20,5
20,7
20,9
20,11
20,13
20,15
20,17
20,19
20,21
20,23
20,25
20,27
20,29
20,31
20,33
20,35
20,37
20,39
20,41
20,43
20,45
20,47
20,49
20,51
20,53
20,55
20,57
20,59
20,61
20,63
20,65
20,67
20,69
20,71
20,73
20,75
20,77
20,79
20,81
20,83
20,85
20,87
20,89
20,91
20,93
20,95
20,97
20,99
20,101
20,103
20,105
20,107
20,109
20,111
20,113
20,115
20,117
20,119
20,121
20,123
20,125
20,127
20,129
20,131
20,133
20,135
20,137
20,139
20,141
20,143
20,145
20,147
20,149
20,151
20,153
20,155
20,157
20,159
20,161
20,163
20,165
20,167
20,169
20,171
20,173
20,175
20,177
20,179
20,181
20,183
20,185
20,187
20,189
20,191
20,193
20,195
20,197
20,199
20,201
20,203
20,205
20,207
20,209
21,1
21,3
21,5
21,7
21,9
21,11
21,13
21,15
21,17
21,19
21,21
21,23
21,25
21,27
21,29
21,31
21,33
21,35
21,37
21,39
21,41
21,43
21,45
21,47
21,49
21,51
21,53
21,55
21,57
21,59
21,61
21,63
21,65
21,67
21,69
21,71
21,73
21,75
21,77
21,79
21,81
21,83
21,85
21,87
21,89
21,91
21,93
21,95
21,97
21,99
21,101
21,103
21,105
21,107
21,109
21,111
21,113
21,115
21,117
21,119
21,121
21,123
21,125
21,127
21,129
21,131
21,133
21,135
21,137
21,139
21,141
21,143
21,145
21,147
21,149
21,151
21,153
21,155
21,157
21,159
21,161
21,163
21,165
21,167
21,169
21,171
21,173
21,175
21,177
21,179
21,181
21,183
21,185
21,187
21,189
21,191
21,193
21,195
21,197
21,199
21,201
21,203
21,205
21,207
21,209
21,211
21,213
21,215
21,217
21,219
21,221
21,223
21,225
21,227
21,229
21,231
21,233
21,235
21,237
21,239
22,1
22,3
22,5
22,7
22,9
22,11
22,13
22,15
22,17
22,19
22,21
22,23
22,25
22,27
22,29
22,31
22,33
22,35
22,37
22,39
22,41
22,43
22,45
22,47
22,49
22,51
22,53
22,55
22,57
22,59
22,61
22,63
22,65
22,67
22,69
22,71
22,73
22,75
22,77
22,79
22,81
22,83
22,85
22,87
22,89
22,91
22,93
22,95
22,97
22,99
22,101
22,103
22,105
22,107
22,109
22,111
22,113
22,115
22,117
22,119
22,121
22,123
22,125
22,127
23,1
23,3
23,5
23,7
23,9
23,11
23,13
23,15
23,17
23,19
23,21
23,23
23,25
23,27
23,29
23,31
24,1
24,3
24,5
24,9
24,11
24,13
24,15
24,17
24,19
24,21
24,23
24,25
24,27
24,29
24,31
24,33
24,35
24,37
24,39
24,41
24,43
24,45
24,47
24,510
25,1
25,3
25,5
25,7
25,9
25,11
25,13
25,15
25,17
25,19
25,21
25,23
25,25
25,27
26,1
26,3
26,5
26,7
26,9
26,11
26,13
26,15
26,17
26,19
26,21
26,23
26,25
26,27
26,29
26,31
26,33
26,35
26,37
26,39
26,41
26,43
26,45
26,47
26,49
26,51
26,53
26,55
26,57
26,59
26,61
26,63
26,65
26,67
26,69
26,71
26,73
26,75
26,77
26,79
26,81
26,83
26,85
26,87
26,89
26,91
26,93
26,95
26,97
26,99
26,101
26,103
26,105
26,107
26,109
26,111
26,113
26,115
26,117
26,119
26,121
26,123
26,125
26,127
26,129
26,131
26,133
26,135
26,137
26,139
26,141
26,143
26,145
26,147
26,149
26,151
26,153
26,155
26,157
26,159
26,161
26,163
26,165
27,1
27,3
27,5
27,7
27,9
27,11
27,13
27,15
27,17
27,19
27,21
27,23
27,25
27,27
27,29
27,31
27,33
27,35
27,37
27,39
27,41
27,43
27,45
27,47
27,49
27,51
27,53
27,55
27,57
27,59
27,61
27,63
27,65
27,67
27,69
27,71
27,73
27,75
27,77
27,79
27,81
27,83
27,85
27,87
27,89
27,91
27,93
27,95
27,97
27,99
27,101
27,103
27,105
27,107
27,109
27,111
27,113
27,115
27,117
27,119
27,121
27,123
27,125
27,127
27,129
27,131
27,133
27,135
27,137
27,139
27,141
27,143
27,145
27,147
27,149
27,151
27,153
27,155
27,157
27,159
27,161
27,163
27,165
27,167
27,169
27,171
27,173
28,1
28,3
28,5
28,7
28,9
28,11
28,13
28,15
28,17
28,19
28,21
28,23
28,25
28,27
28,29
28,31
28,33
28,35
28,37
28,39
28,41
28,43
28,45
28,47
28,49
28,51
28,53
28,55
28,57
28,59
28,61
28,63
28,65
28,67
28,69
28,71
28,73
28,75
28,77
28,79
28,81
28,83
28,85
28,87
28,89
28,91
28,93
28,95
28,97
28,99
28,101
28,103
28,105
28,107
28,109
28,111
28,113
28,115
28,117
28,119
28,121
28,123
28,125
28,127
28,129
28,131
28,133
28,135
28,137
28,139
28,141
28,143
28,145
28,147
28,149
28,151
28,153
28,155
28,157
28,159
28,161
28,163
29,1
29,3
29,5
29,7
29,9
29,11
29,13
29,15
29,17
29,19
29,21
29,23
29,25
29,27
29,29
29,31
29,33
29,35
29,37
29,39
29,41
29,43
29,45
29,47
29,49
29,51
29,53
29,55
29,57
29,59
29,61
29,63
29,65
29,67
29,69
29,71
29,73
29,75
29,77
29,79
29,81
29,83
29,85
29,87
29,89
29,91
29,93
29,95
29,97
29,99
29,101
29,103
29,105
29,107
29,109
29,111
29,113
29,115
29,117
29,119
29,121
29,123
29,125
29,127
29,129
29,131
29,133
29,135
29,137
29,139
29,141
29,143
29,145
29,147
29,149
29,151
29,153
29,155
29,157
29,159
29,161
29,163
29,165
29,167
29,169
29,171
29,173
29,175
29,177
29,179
29,181
29,183
29,185
29,186
29,187
29,189
29,195
29,197
29,199
29,201
29,203
29,205
29,207
29,209
29,211
29,213
29,215
29,217
29,219
29,221
29,223
29,225
29,227
29,229
29,510
30,1
30,3
30,5
30,7
30,9
30,11
30,13
30,15
30,17
30,19
30,21
30,23
30,25
30,27
30,29
30,31
30,33
30,35
30,37
30,39
30,41
30,43
30,45
30,47
30,49
30,51
30,53
30,55
30,57
30,59
30,61
30,63
30,65
30,67
30,69
30,71
30,73
30,75
30,77
30,79
30,81
30,83
30,85
30,87
30,89
30,91
30,93
30,95
30,97
30,99
30,101
30,103
30,105
30,107
30,109
30,111
31,1
31,3
31,5
31,7
31,9
31,11
31,13
31,15
31,17
31,19
31,21
31,23
31,25
31,27
31,29
31,31
31,33
31,35
31,37
31,39
31,41
31,43
31,45
31,47
31,49
31,51
31,53
31,55
31,57
31,59
31,61
31,63
31,65
31,67
31,69
31,71
31,73
31,75
31,77
31,79
31,81
31,83
31,85
31,87
31,89
31,91
31,93
31,95
31,97
31,99
31,101
31,103
31,105
31,107
31,109
31,111
31,113
31,115
31,117
31,119
31,121
31,123
31,125
31,127
31,129
31,131
31,133
31,135
31,137
31,139
31,141
31,143
31,145
31,147
31,149
31,151
31,153
31,155
31,157
31,159
31,161
31,163
31,165
31,167
31,169
31,171
31,173
31,175
31,177
31,179
31,181
31,183
31,185
32,1
32,3
32,5
32,7
32,9
32,11
32,13
32,15
32,17
32,19
32,21
32,23
32,27
32,29
32,31
32,33
32,510
33,1
33,3
33,5
33,7
33,9
33,11
33,13
33,15
33,17
33,19
34,1
34,3
34,5
34,7
34,9
34,11
34,13
34,15
34,17
34,19
34,21
34,23
34,25
34,27
34,29
34,31
34,33
34,35
34,37
34,39
34,41
35,1
35,3
35,5
35,6
35,7
35,9
35,11
35,13
35,15
35,17
35,19
35,21
35,23
35,25
35,27
35,28
35,29
35,31
35,33
35,35
35,37
35,39
35,41
35,43
35,45
35,47
35,49
35,51
35,53
35,55
35,57
35,59
35,61
36,1
36,3
36,5
36,7
36,9
36,11
36,13
36,15
36,17
36,19
36,21
36,23
36,25
36,27
36,29
36,31
36,33
36,35
36,37
36,39
36,41
36,43
36,45
36,47
36,49
36,51
36,53
36,55
36,57
36,59
36,61
36,63
36,65
36,67
36,69
36,71
36,73
36,75
36,77
36,79
36,81
36,83
36,85
36,87
36,89
36,91
36,93
36,95
36,97
36,99
36,101
36,103
36,105
36,107
36,109
36,111
36,113
36,115
36,117
36,119
36,121
36,123
37,1
37,3
37,5
37,7
37,9
37,11
37,13
37,15
37,17
37,19
37,21
37,23
37,25
37,27
37,29
37,31
37,33
37,35
37,37
37,39
37,41
37,43
37,45
37,47
37,49
37,51
37,53
37,55
37,57
37,59
37,61
37,63
37,65
37,67
37,69
37,71
37,73
37,75
37,77
37,79
37,81
37,83
37,85
37,87
37,89
37,91
37,93
37,95
37,97
37,99
37,101
37,103
37,105
37,107
37,109
37,111
37,113
37,115
37,117
37,119
37,121
37,123
37,125
37,127
37,129
37,131
37,133
37,135
37,137
37,139
37,141
37,143
37,145
37,147
37,149
37,151
37,153
37,155
37,157
37,159
37,161
37,163
37,165
37,167
37,169
37,171
37,173
37,175
37,177
37,179
37,181
37,183
37,185
37,187
37,189
37,191
37,193
37,195
37,197
37,199
38,1
38,3
38,5
38,7
38,9
38,11
38,13
38,15
38,17
38,19
38,21
38,23
38,25
38,27
38,29
38,31
38,33
38,35
38,37
38,39
38,41
38,43
38,45
38,47
38,49
38,51
38,53
38,55
38,57
38,59
38,61
38,63
38,65
38,67
38,69
38,71
38,73
38,75
38,77
38,79
38,81
38,83
38,85
38,87
38,89
38,91
38,93
38,95
38,97
38,99
38,101
38,103
38,105
39,1
39,3
39,5
39,7
39,9
39,11
39,13
39,15
39,17
39,19
39,21
39,23
39,25
39,27
39,29
39,31
39,33
39,35
39,37
39,39
39,41
39,43
39,45
39,47
39,49
39,51
39,53
39,55
39,57
39,59
39,61
39,63
39,65
39,67
39,69
39,71
39,73
39,75
39,77
39,79
39,81
39,83
39,85
39,87
39,89
39,91
39,93
39,95
39,97
39,99
39,101
39,103
39,105
39,107
39,109
39,111
39,113
39,115
39,117
39,119
39,121
39,123
39,125
39,127
39,129
39,131
39,133
39,135
39,137
39,139
39,141
39,143
39,145
39,147
39,149
39,151
39,153
39,155
39,157
39,159
39,161
39,163
39,165
39,167
39,169
39,171
39,173
39,175
40,1
40,3
40,5
40,7
40,9
40,11
40,13
40,15
40,17
40,19
40,21
40,23
40,25
40,27
40,29
40,31
40,33
40,35
40,37
40,39
40,41
40,43
40,45
40,47
40,49
40,51
40,53
40,55
40,57
40,59
40,61
40,63
40,65
40,67
40,69
40,71
40,73
40,75
40,77
40,79
40,81
40,83
40,85
40,87
40,89
40,91
40,93
40,95
40,97
40,99
40,101
40,103
40,105
40,107
40,109
40,111
40,113
40,115
40,117
40,119
40,121
40,123
40,125
40,127
40,129
40,131
40,133
40,135
40,137
40,139
40,141
40,143
40,145
40,147
40,149
40,151
40,153
41,1
41,3
41,5
41,7
41,9
41,11
41,13
41,15
41,17
41,19
41,21
41,23
41,25
41,27
41,29
41,31
41,33
41,35
41,37
41,39
41,41
41,43
41,45
41,47
41,49
41,51
41,53
41,55
41,57
41,59
41,61
41,63
41,65
41,67
41,69
41,71
42,1
42,3
42,5
42,7
42,9
42,11
42,13
42,15
42,17
42,19
42,21
42,23
42,25
42,27
42,29
42,31
42,33
42,35
42,37
42,39
42,41
42,43
42,45
42,47
42,49
42,51
42,53
42,55
42,57
42,59
42,61
42,63
42,65
42,67
42,69
42,71
42,73
42,75
42,77
42,79
42,81
42,83
42,85
42,87
42,89
42,91
42,93
42,95
42,97
42,99
42,101
42,103
42,105
42,107
42,109
42,111
42,113
42,115
42,117
42,119
42,121
42,123
42,125
42,127
42,129
42,131
42,133
44,1
44,3
44,5
44,7
44,9
45,1
45,3
45,5
45,7
45,9
45,11
45,13
45,15
45,17
45,19
45,21
45,23
45,25
45,27
45,29
45,31
45,33
45,35
45,37
45,39
45,41
45,43
45,45
45,47
45,49
45,51
45,53
45,55
45,57
45,59
45,61
45,63
45,65
45,67
45,69
45,71
45,73
45,75
45,77
45,79
45,81
45,83
45,85
45,87
45,89
45,91
46,3
46,5
46,7
46,9
46,11
46,13
46,15
46,17
46,19
46,21
46,23
46,25
46,27
46,29
46,31
46,33
46,35
46,37
46,39
46,41
46,43
46,45
46,47
46,49
46,51
46,53
46,55
46,57
46,59
46,61
46,63
46,65
46,67
46,69
46,71
46,73
46,75
46,77
46,79
46,81
46,83
46,85
46,87
46,89
46,91
46,93
46,95
46,97
46,99
46,101
46,103
46,105
46,107
46,109
46,111
46,102
46,115
46,117
46,119
46,121
46,123
46,125
46,127
46,129
46,135
46,137
47,1
47,3
47,5
47,7
47,9
47,11
47,13
47,15
47,17
47,19
47,21
47,23
47,25
47,27
47,29
47,31
47,33
47,35
47,37
47,39
47,41
47,43
47,45
47,47
47,49
47,51
47,53
47,55
47,57
47,59
47,61
47,63
47,65
47,67
47,69
47,71
47,73
47,75
47,77
47,79
47,81
47,83
47,85
47,87
47,89
47,91
47,93
47,95
47,97
47,99
47,101
47,103
47,105
47,107
47,109
47,111
47,113
47,115
47,117
47,119
47,121
47,123
47,125
47,127
47,129
47,131
47,133
47,135
47,137
47,139
47,141
47,143
47,145
47,147
47,149
47,151
47,153
47,155
47,157
47,159
47,161
47,163
47,165
47,167
47,169
47,171
47,173
47,175
47,177
47,179
47,181
47,183
47,185
47,187
47,189
48,1
48,3
48,5
48,7
48,9
48,11
48,13
48,15
48,17
48,19
48,21
48,23
48,25
48,27
48,29
48,31
48,33
48,35
48,37
48,39
48,41
48,43
48,45
48,47
48,49
48,51
48,53
48,55
48,57
48,59
48,61
48,63
48,65
48,67
48,69
48,71
48,73
48,75
48,77
48,79
48,81
48,83
48,85
48,87
48,89
48,91
48,93
48,95
48,97
48,99
48,101
48,103
48,105
48,107
48,109
48,111
48,113
48,115
48,117
48,119
48,121
48,123
48,125
48,127
48,129
48,131
48,133
48,135
48,137
48,139
48,141
48,143
48,145
48,147
48,149
48,151
48,153
48,155
48,157
48,159
48,161
48,163
48,165
48,167
48,169
48,171
48,173
48,175
48,177
48,179
48,181
48,183
48,185
48,187
48,189
48,191
48,193
48,195
48,197
48,199
48,201
48,203
48,205
48,207
48,209
48,211
48,213
48,215
48,217
48,219
48,221
48,223
48,225
48,227
48,229
48,231
48,233
48,235
48,237
48,239
48,241
48,243
48,245
48,247
48,249
48,251
48,253
48,255
48,257
48,259
48,261
48,263
48,265
48,267
48,269
48,271
48,273
48,275
48,277
48,279
48,281
48,283
48,285
48,287
48,289
48,291
48,293
48,295
48,297
48,299
48,301
48,303
48,305
48,307
48,309
48,311
48,313
48,315
48,317
48,319
48,321
48,323
48,325
48,327
48,329
48,331
48,333
48,335
48,337
48,339
48,341
48,343
48,345
48,347
48,349
48,351
48,353
48,355
48,357
48,359
48,361
48,363
48,365
48,367
48,369
48,371
48,373
48,375
48,377
48,379
48,381
48,383
48,385
48,387
48,389
48,391
48,393
48,395
48,397
48,399
48,401
48,403
48,405
48,407
48,409
48,411
48,413
48,415
48,417
48,419
48,421
48,423
48,425
48,427
48,429
48,431
48,433
48,435
48,437
48,439
48,441
48,443
48,445
48,447
48,449
48,451
48,453
48,455
48,457
48,459
48,461
48,463
48,465
48,467
48,469
48,471
48,473
48,475
48,477
48,479
48,481
48,483
48,485
48,487
48,489
48,491
48,493
48,495
48,497
48,499
48,501
48,503
48,505
48,507
49,1
49,3
49,5
49,7
49,9
49,11
49,13
49,15
49,17
49,19
49,21
49,23
49,25
49,27
49,29
49,31
49,33
49,35
49,37
49,39
49,41
49,43
49,45
49,47
49,49
49,51
49,53
49,55
49,57
50,1
50,3
50,5
50,7
50,9
50,11
50,13
50,15
50,17
50,19
50,21
50,23
50,25
50,27
51,1
51,3
51,5
51,7
51,9
51,11
51,13
51,15
51,17
51,19
51,21
51,23
51,25
51,27
51,29
51,31
51,33
51,35
51,36
51,37
51,41
51,43
51,45
51,47
51,49
51,51
51,53
51,57
51,59
51,61
51,63
51,65
51,67
51,69
51,71
51,73
51,75
51,77
51,79
51,81
51,83
51,85
51,87
51,89
51,91
51,93
51,95
51,97
51,99
51,101
51,103
51,105
51,107
51,109
51,111
51,113
51,115
51,117
51,119
51,121
51,125
51,127
51,131
51,133
51,135
51,137
51,139
51,141
51,143
51,145
51,147
51,149
51,153
51,155
51,157
51,159
51,161
51,163
51,165
51,167
51,169
51,171
51,173
51,175
51,177
51,179
51,181
51,183
51,185
51,187
51,191
51,193
51,195
51,197
51,199
51,510
51,520
51,530
51,540
51,550
51,570
51,580
51,590
51,595
51,600
51,610
51,620
51,630
51,640
51,650
51,660
51,670
51,678
51,680
51,683
51,685
51,690
51,700
51,710
51,720
51,730
51,735
51,740
51,750
51,760
51,770
51,775
51,790
51,800
51,810
51,820
51,830
51,840
53,1
53,3
53,5
53,7
53,9
53,11
53,13
53,15
53,17
53,19
53,21
53,23
53,25
53,27
53,29
53,31
53,33
53,35
53,37
53,39
53,41
53,43
53,45
53,47
53,49
53,51
53,53
53,55
53,57
53,59
53,61
53,63
53,65
53,67
53,69
53,71
53,73
53,75
53,77
54,1
54,3
54,5
54,7
54,9
54,11
54,13
54,15
54,17
54,19
54,21
54,23
54,25
54,27
54,29
54,31
54,33
54,35
54,37
54,39
54,41
54,43
54,45
54,47
54,49
54,51
54,53
54,55
54,57
54,59
54,61
54,63
54,65
54,67
54,69
54,71
54,73
54,75
54,77
54,79
54,81
54,83
54,85
54,87
54,89
54,91
54,93
54,95
54,97
54,99
54,101
54,103
54,105
54,107
54,109
55,1
55,3
55,5
55,7
55,9
55,11
55,13
55,15
55,17
55,19
55,21
55,23
55,25
55,27
55,29
55,31
55,33
55,35
55,37
55,39
55,41
55,43
55,45
55,47
55,49
55,51
55,53
55,55
55,57
55,59
55,61
55,63
55,65
55,67
55,69
55,71
55,73
55,75
55,77
55,78
55,79
55,81
55,83
55,85
55,87
55,89
55,91
55,93
55,95
55,97
55,99
55,101
55,103
55,105
55,107
55,109
55,111
55,113
55,115
55,117
55,119
55,121
55,123
55,125
55,127
55,129
55,131
55,133
55,135
55,137
55,139
55,141
56,1
56,3
56,5
56,7
56,9
56,11
56,13
56,15
56,17
56,19
56,21
56,23
56,25
56,27
56,29
56,31
56,33
56,35
56,37
56,39
56,41
56,43
56,45
